1403715523962143000 0.0 0.0 0.0 0.0 0.0 0.0 1.0
1403715524062143000 2.23517417908e-08 3.72528630166e-09 6.5115982075e-17 2.21463514194e-10 -1.41970923906e-09 -9.16231996939e-08 1.0
1403715524162143000 0.000321189698298 -0.000154130364535 0.000385122402804 -3.66222005682e-05 -0.000118081004925 0.000128568249921 0.999999984093
1403715524262143000 0.000289776333375 -4.86914250359e-05 0.000273066369118 5.72845585698e-05 -0.000161309368474 0.000137093831072 0.999999975952
1403715524412143000 0.000319363694871 -6.95761264069e-05 0.000449518149253 3.10869980253e-05 -8.70506186804e-05 5.54056529347e-05 0.999999994193
1403715524512143000 0.00028597083292 -6.21211729595e-05 0.000449197774287 -1.92741971592e-05 3.18999044086e-05 -9.35365237444e-05 0.999999994931
1403715524612143000 0.000279240543023 -2.2343980163e-05 0.000453702086816 -6.12963827062e-06 1.33207969287e-05 -0.000321530972323 0.999999948201
1403715524712143000 0.000288119161269 -3.44280415447e-05 0.000506751181092 -1.41554136653e-05 -2.17690775375e-05 -9.7395909921e-05 0.99999999492
1403715524812143000 -0.000145499201608 -0.000174570275703 0.000458134920336 -0.000209753392063 -0.000120766070894 0.000112216784113 0.999999964413
1403715524912143000 3.85178645956e-05 6.86014391249e-05 0.00103605142795 0.000290310825791 4.75665620821e-05 -0.000384644140313 0.999999882753
1403715525062143000 -0.000201723203645 -3.16035652759e-06 0.000577573257033 0.000127066712521 -5.62450040566e-05 -0.000317879981412 0.999999939821
1403715525162143000 -0.000466235360363 0.000198231136892 -0.000407479237765 0.000190842682551 0.00030961211393 -0.000250717892382 0.99999990243
1403715525262143000 -0.000766204844695 0.000274487247225 -0.000821279012598 0.000294928150797 0.00055795506885 -0.000545410328271 0.999999652115
1403715525362143000 -0.000481578405015 0.000166052341228 -0.000561928027309 0.00010086815337 7.17169482328e-05 0.000201800015027 0.99999997198
1403715525462143000 -0.00036237333552 -0.000183296433534 -0.000574443489313 -0.00024755960339 6.61119790806e-05 0.000494217511883 0.999999845046
1403715525562143000 -0.000815496256109 -0.000172667030711 -0.00120700639673 -0.000305754517895 0.000279252423757 0.000146013338656 0.999999903606
1403715525662143000 -0.000770980317611 -4.29919709859e-05 -0.00118555175141 -0.000402931851327 0.000697569048081 -0.000259793596187 0.999999641775
1403715525762143000 -0.000182098927326 -0.000196341323317 9.76623778115e-05 -0.000257673621253 0.000333614800842 0.000114697929348 0.999999904575
1403715525862143000 -0.00074085657252 -1.19825026559e-05 -0.000832289690152 -0.000232218499109 0.00044468582951 -0.000783888261453 0.999999566924
1403715525962143000 -0.000585963891353 -0.000234285995248 -0.000478082278278 -5.43185912482e-05 0.000369591572081 -0.000512075482742 0.999999799115
1403715526062143000 8.53303645272e-05 3.1341540307e-05 0.000634587893728 0.000313516598635 0.000355143954028 -0.000744156036511 0.999999610906
1403715526212143000 -0.000554713886231 -9.45839565247e-05 -0.000378143857233 0.000195665767208 0.000498804210671 -0.00087482128024 0.999999473798
1403715526312143000 -0.00058500119485 -0.000297878286801 -0.000472267594887 -4.86483127737e-05 0.000487128665267 -0.00042262214775 0.999999790865
1403715526412143000 -0.000494328327477 -0.00025913384161 -0.000628960959148 -6.39093712229e-05 0.000233756759249 -0.000195411632735 0.999999951544
1403715526562143000 -0.000359863275662 -0.000241216286668 -0.000281987478957 8.42490393333e-05 0.000358927639428 -0.000370886635983 0.999999863258
1403715526662143000 -0.000368891400285 -0.000157922884682 -0.000403523736168 0.000109863589709 0.000379004597857 -0.000331579295593 0.99999986717
1403715526812143000 -0.000429157575127 -9.62999620242e-05 -0.000485908123665 2.77334523588e-05 0.000323786975399 -0.000237577313241 0.999999918975
1403715526912143000 0.000185030366993 -0.000570564821828 0.000812782847788 -0.809434708509 -0.0509012600116 0.00501353664066 0.584978101163
1403715527062143000 -0.233147367835 0.0284651480615 -0.139973953366 -0.810511738095 -0.0296090591422 -0.011140216552 0.584867439342
1403715527162143000 -0.233267977834 0.0284525770694 -0.140049993992 -0.810490104696 -0.0296548561132 -0.0112305791023 0.584893369591
1403715527312143000 -0.233388185501 0.0286419335753 -0.139910951257 -0.810483426351 -0.0297542616672 -0.0110225038998 0.584901533534
1403715527412143000 -0.232956081629 0.0302454791963 -0.140230059624 -0.810640301421 -0.0298627602574 -0.0112631483914 0.584673976461
1403715527562143000 -0.23375955224 0.0310016851872 -0.140177235007 -0.810521707029 -0.0297639554052 -0.0111874553038 0.584844859974
1403715527662143000 -0.233760103583 0.0314921624959 -0.14016699791 -0.810739756738 -0.0298033301194 -0.0112091638301 0.584540129507
1403715527762143000 -0.232978522778 0.0308129899204 -0.140070796013 -0.810659200376 -0.0297244940853 -0.0110987459234 0.584657962519
1403715527912143000 -0.232674717903 0.0308978091925 -0.139764755964 -0.810990817535 -0.0297481823583 -0.0111619097589 0.584195473528
1403715528062143000 0.0 0.0 0.0 0.0 0.0 0.0 1.0
1403715528212143000 0.0 0.0 0.0 0.0 0.0 0.0 1.0
1403715528312143000 0.0 0.0 0.0 0.0 0.0 0.0 1.0
1403715528412143000 0.0 0.0 0.0 0.0 0.0 0.0 1.0
1403715528512143000 0.0 0.0 0.0 0.0 0.0 0.0 1.0
1403715528612143000 0.0 0.0 0.0 0.0 0.0 0.0 1.0
1403715528762143000 0.0 0.0 0.0 0.0 0.0 0.0 1.0
1403715528862143000 0.0 0.0 0.0 0.0 0.0 0.0 1.0
1403715528962143000 0.0 0.0 0.0 0.0 0.0 0.0 1.0
1403715529062143000 0.0 0.0 0.0 0.0 0.0 0.0 1.0
1403715529162143000 2.23517417908e-08 3.72528630166e-09 6.5115982075e-17 2.21463514194e-10 -1.41970923906e-09 -9.16231996939e-08 1.0
1403715529312143000 -0.0242112334818 -0.0602153390646 -0.0113702295348 -0.00832212422897 -0.0249241474534 -0.00830066469457 0.999620241936
1403715529462143000 -0.0522274784744 -0.110871754587 -0.0160688627511 -0.0111327407095 -0.0511097325464 -0.0233190252082 0.998358693249
1403715529562143000 -0.072271630168 -0.138269454241 -0.0113079333678 -0.00984844748426 -0.0643542928373 -0.0297051667193 0.997436281747
1403715529712143000 -0.105182990432 -0.16896571219 0.00493016466498 -0.00477273772693 -0.0767395438693 -0.0376157284582 0.996329925453
1403715529912143000 -0.15405574441 -0.215317949653 0.0278549902141 -0.000451505100946 -0.0877793439222 -0.0401981178582 0.995328435364
1403715530112143000 -0.254995018244 -0.29327365756 0.0548691786826 0.0145177607555 -0.0821096967104 -0.0494239141302 0.995291167971
1403715530262143000 -0.305521756411 -0.351619929075 0.0606236457825 0.0109777009948 -0.0774925181714 -0.0605293645408 0.995093259819
1403715530462143000 -0.548486292362 -0.478248715401 0.046891476959 -0.00121599426074 -0.0524442315885 -0.0521289379139 0.997261599463
1403715530662143000 -0.649190068245 -0.599108397961 0.0230294205248 -0.00141338708313 -0.0697722039325 -0.0488973318213 0.996362831922
1403715530862143000 -0.704359412193 -0.661832213402 0.00208717072383 0.0029701026633 -0.104125311866 -0.0489993907458 0.993351980733
1403715531012143000 -0.785629451275 -0.728484928608 -0.0123482840136 -0.00514699788421 -0.124461723019 -0.0564016018657 0.990606706631
1403715531262143000 -0.91511797905 -0.95111489296 -0.0467328578234 -0.0673645428712 -0.1518627238 -0.0495146767837 0.984859395176
1403715531462143000 -0.669548213482 -1.24159395695 0.106314793229 -0.110890856819 -0.241536108339 -0.0725944184304 0.961297860528
1403715531662143000 0.0 0.0 0.0 0.0 0.0 0.0 1.0
1403715531912143000 2.23517417908e-08 3.72528630166e-09 6.5115982075e-17 2.21463514194e-10 -1.41970923906e-09 -9.16231996939e-08 1.0
1403715532062143000 -0.0222561061382 -0.0199885610491 0.0628724768758 0.0095897859448 0.00503163890196 -0.00700563302655 0.999916816401
1403715532262143000 -0.0530111677945 -0.0396465361118 0.126136958599 0.0132208590033 0.0049580117668 -0.0103581959424 0.999846655634
1403715532412143000 -0.0793306529522 -0.045729059726 0.160148173571 0.00791716381669 -0.00518091437032 -0.00120444408379 0.999954511944
1403715532612143000 -0.102112583816 -0.0436626821756 0.185658201575 0.00555389278517 -0.0198008510201 0.0202472674555 0.999583477622
1403715532762143000 -0.107561714947 -0.0377159938216 0.197477936745 0.0138874071306 -0.0291323770887 0.0402174625577 0.998669615155
1403715532912143000 -0.133652508259 -0.0166086144745 0.204018086195 0.0193376715049 -0.0153576271003 0.0491963417397 0.998483809438
1403715533062143000 -0.0704707950354 0.0123418252915 0.199640184641 0.0147894932876 0.00274696564943 0.0639324913108 0.997840849847
1403715533262143000 0.111451737583 -0.00185358664021 0.184299364686 0.00985406609207 0.0415905821844 0.0676203661695 0.996795167993
1403715533412143000 0.198770970106 0.043123755604 0.159112021327 0.0150163020985 0.0835582966004 0.0643918871006 0.994306897601
1403715533662143000 0.749980390072 -0.07395709306 0.0415142290294 -0.0408662361312 0.0361245973486 0.105541211758 0.992917930562
1403715533862143000 0.988941609859 -0.139100149274 -0.0615400262177 -0.0544994803517 0.0444373558679 0.110924324822 0.99133794551
1403715534012143000 1.04716730118 -0.078833475709 -0.174893558025 -0.0347729406713 0.082732865369 0.0865245851194 0.992199381049
1403715534212143000 1.30313396454 -0.06127730757 -0.287729054689 -0.0357591365749 0.0964396683789 0.0543738983635 0.993209018128
1403715534412143000 1.68307030201 -0.043352805078 -0.439720183611 -0.041193131773 0.0839241155508 0.033493247221 0.995056818033
1403715534612143000 1.9601380825 0.0306817144156 -0.507232666016 -0.0438999532123 0.106698490307 0.0375278628055 0.992612656471
1403715534812143000 2.23150730133 0.0787284225225 -0.546957015991 -0.0629331847109 0.150758014338 0.0501491394189 0.985290058404
1403715535012143000 2.49256968498 0.155262634158 -0.577272176743 -0.0822443368916 0.208468244206 0.0649816098093 0.972396138718
1403715535212143000 2.62315607071 0.373853504658 -0.762011051178 -0.0754300560931 0.264819496336 0.0899600960606 0.957124925031
1403715535412143000 2.8788588047 0.428183436394 -0.744807481766 -0.0818300004742 0.277240985178 0.112776962294 0.950643279015
1403715535612143000 3.15500092506 0.450707763433 -0.699815034866 -0.0461145898921 0.277740954588 0.126365676174 0.951191422705
1403715535812143000 3.32219171524 -0.27169418335 -0.137170299888 0.835704940196 -0.189114202053 0.135010319798 -0.497599522771
1403715536012143000 0.0 0.0 0.0 0.0 0.0 0.0 1.0
1403715536312143000 2.23517417908e-08 3.72528630166e-09 6.5115982075e-17 2.21463514194e-10 -1.41970923906e-09 -9.16231996939e-08 1.0
1403715536412143000 0.0879422724247 -0.0260608363897 0.108700484037 0.00716878229278 -0.00315166608896 -0.0161599253472 0.999838753187
1403715536612143000 0.2337500453 -0.104577533901 0.340370506048 0.0300033665354 -0.00275198529012 -0.0430329137453 0.998619243209
1403715536762143000 0.303097426891 -0.180899068713 0.513772904873 0.0577886331204 -0.00420003340041 -0.0474723282025 0.997190659632
1403715536962143000 0.344418525696 -0.283141314983 0.724597811699 0.101064988977 -0.00631110472633 -0.0637949342038 0.992812290582
1403715537112143000 0.33161047101 -0.35625487566 0.849913954735 0.137797844291 -0.00151154139405 -0.0782106948191 0.987366475311
1403715537312143000 0.274102836847 -0.448408573866 0.933324635029 0.183709580076 -0.0141760001681 -0.0641837876817 0.980780440571
1403715537462143000 -0.0616528093815 -0.416011422873 0.670592606068 0.2206472893 -0.0010745107378 -0.0400225741749 0.974531586306
1403715537612143000 0.0 0.0 0.0 0.0 0.0 0.0 1.0
1403715537762143000 0.0 0.0 0.0 0.0 0.0 0.0 1.0
1403715537862143000 2.23517417908e-08 3.72528630166e-09 6.5115982075e-17 2.21463514194e-10 -1.41970923906e-09 -9.16231996939e-08 1.0
1403715538012143000 -0.100731372833 -0.0115810744464 -0.0948296636343 -0.00275312409426 -0.000847934042935 0.00230220541251 0.99999320056
1403715538162143000 -0.189654916525 -0.00294557027519 -0.208148732781 -0.0186468881739 0.00226836229293 0.013055128794 0.999738321615
1403715538362143000 -0.287452220917 0.0234710499644 -0.361414641142 -0.0263658876173 0.0290614425096 0.0242454430466 0.998935649089
1403715538512143000 -0.347591996193 0.0717857256532 -0.468406498432 0.00112238946688 0.0658425249034 0.015331193044 0.997711609974
1403715538662143000 -0.396926641464 0.116552062333 -0.602469444275 0.0142869110758 0.106755815153 0.0107084707994 0.99412494625
1403715538862143000 -0.799484014511 0.179063245654 -0.701165616512 -0.0136956039153 0.220143746251 0.0225300449449 0.975111049314
1403715539012143000 -0.86050093174 0.254588067532 -0.865803897381 -0.0273443614299 0.277182792545 0.0394735343265 0.959616499182
1403715539212143000 -0.813986897469 0.403041094542 -1.1194549799 -0.0299814938324 0.342351494878 0.0683964339198 0.936599429751
1403715539362143000 -0.874781847 0.539948821068 -1.27053391933 -0.0394851714803 0.398408294158 0.0899846033242 0.911929012338
1403715539562143000 -0.539928376675 0.923779785633 -1.6039737463 -0.0255191789194 0.398706134058 0.11944874999 0.908908238656
1403715539762143000 -0.59641033411 1.02519118786 -1.79929935932 -0.0127518389913 0.417600269751 0.141993416862 0.897376885636
1403715539962143000 -0.687499046326 0.928094446659 -2.15426683426 -0.0361042569614 0.411889897139 0.148320461398 0.898356408111
1403715540162143000 -0.704622089863 0.922852158546 -2.36143541336 -0.0630378810511 0.39319292513 0.176149207967 0.90022053171
1403715540362143000 -0.751791536808 0.804560661316 -2.44506001472 -0.0712488299839 0.402117017426 0.170232908417 0.896797784015
1403715540562143000 -0.667968511581 0.787241697311 -2.62188577652 -0.0941776991323 0.405933463297 0.147825179213 0.896937177706
1403715540762143000 -0.663762807846 0.835680425167 -2.68847751617 -0.0968530705611 0.419046464178 0.165773467257 0.887433772817
1403715540962143000 -0.484963804483 0.813131332397 -2.79164457321 -0.0724369806681 0.426222322988 0.166430904921 0.886221286759
1403715541162143000 -0.22084915638 0.634178817272 -2.90329885483 -0.0802815018962 0.426640651055 0.158198562087 0.886851650657
1403715541362143000 0.035224262625 0.619376242161 -2.97482800484 -0.0466467078956 0.428107808523 0.163701895885 0.88755252138
1403715541562143000 0.31533703208 0.606474995613 -3.04355931282 -0.0731812327621 0.436232706677 0.152280118841 0.883830469153
1403715541712143000 0.776287198067 -3.07954788208 0.21589833498 0.773553212682 -0.357459852432 0.235562032611 -0.467277658186
1403715541962143000 1.12162446976 -3.03860402107 0.298360496759 0.774229831091 -0.321896441573 0.289834598706 -0.461461542216
1403715542162143000 1.40013241768 -2.97719931602 0.3145185709 0.775419384883 -0.282042254332 0.29925535984 -0.479190122942
1403715542362143000 1.60969471931 -2.86072778702 0.339302033186 -0.766627746633 0.249299938782 -0.270020035313 0.526517444293
1403715542562143000 1.75020539761 -2.73452472687 0.365430861712 -0.754825978204 0.228898676555 -0.214294363148 0.576125910216
1403715542812143000 1.88205492496 -2.59940624237 0.400799661875 -0.774003857432 0.212284575361 -0.178799883432 0.569107976951
1403715543012143000 1.93530464172 -2.53919506073 0.380368620157 -0.783512091147 0.21476989605 -0.156062398378 0.561807104431
1403715543312143000 1.97566378117 -2.46724748611 0.253000497818 -0.770405371844 0.224161762317 -0.146627090732 0.578556448077
1403715543512143000 2.00956439972 -2.46404910088 0.21920914948 -0.769675119035 0.221350905752 -0.158627340125 0.577443810796
1403715543712143000 2.03314471245 -2.49125552177 0.187683150172 -0.759548301118 0.211535972149 -0.181161194449 0.587809095185
1403715543962143000 2.04322481155 -2.54251456261 0.131812900305 -0.754976188691 0.217034320255 -0.240244399819 0.57025405452
1403715544162143000 1.94481492043 -2.63943266869 0.0809559077024 -0.74830056245 0.272718181178 -0.272868057035 0.539642553309
1403715544412143000 1.86732828617 -2.71267819405 -0.083741761744 0.712534400687 -0.389122650208 0.302625644679 -0.499295513815
1403715544562143000 1.76232981682 -2.774923563 -0.191327542067 0.683140210178 -0.444163048974 0.326703633974 -0.478856319486
1403715544762143000 1.59026181698 -2.86163640022 -0.275433987379 0.655898744809 -0.473490949822 0.356036719935 -0.467804458137
1403715544962143000 1.3871203661 -2.9525885582 -0.253493249416 0.649461305814 -0.476458651711 0.367024110575 -0.465274615379
1403715545212143000 1.12376892567 -3.03847908974 -0.205149486661 0.650228274466 -0.494861477541 0.369625899251 -0.442370889339
1403715545412143000 0.905508637428 -3.11858654022 -0.19913752377 0.632827711955 -0.523264190572 0.375081988232 -0.430159477347
1403715545662143000 0.556314170361 -3.20921993256 -0.210184752941 0.602562491467 -0.557450179302 0.358894946777 -0.444254610163
1403715545862143000 0.369234204292 -3.30959486961 -0.202967077494 0.607183493172 -0.552392759989 0.357395188469 -0.445487512272
1403715546062143000 0.161298587918 -3.43744754791 -0.189448729157 0.642269102 -0.509996078062 0.355216994959 -0.44857027038
1403715546312143000 -0.109779782593 -3.64882969856 -0.119299642742 0.698321747204 -0.433405778997 0.307497883301 -0.479532292844
1403715546512143000 -0.313566982746 -3.77711868286 -0.0848294571042 -0.739525807349 0.365607297909 -0.253678961285 0.505054322407
1403715546712143000 -0.512361645699 -3.90393257141 -0.0501446686685 -0.781465330763 0.288069113485 -0.198883275128 0.516501273518
1403715547012143000 -0.780630111694 -4.13863945007 -0.0221658051014 -0.836529800151 0.169350074522 -0.110896677945 0.509156530489
1403715547212143000 -0.939178347588 -4.20336818695 0.00912287365645 -0.850337376921 0.084387580227 -0.0692894056106 0.514785450439
1403715547462143000 -1.1469604969 -4.22463560104 0.049048602581 -0.859042005863 -0.00558102987975 -0.0199140356293 0.511487160595
1403715547662143000 -1.20301663876 -4.12277173996 0.0447577610612 -0.862149030921 -0.070215453838 0.0219669316064 0.501284642134
1403715547862143000 -1.37962734699 -4.02948141098 0.0574625581503 0.854885323207 0.138757911622 -0.0633040877857 -0.495893051572
1403715548062143000 -1.54067134857 -3.87392163277 0.0761277005076 -0.830044437625 -0.182982783359 0.105856745215 0.516079336977
1403715548312143000 -1.74440169334 -3.63314938545 0.0913617163897 -0.799772508431 -0.203985052218 0.121542574106 0.551345115068
1403715548462143000 0.0 0.0 0.0 0.0 0.0 0.0 1.0
1403715549162143000 2.23517417908e-08 3.72528630166e-09 6.5115982075e-17 2.21463514194e-10 -1.41970923906e-09 -9.16231996939e-08 1.0
1403715549312143000 -0.108080774546 -0.0339199230075 0.173829585314 0.0246161944523 -0.0148344242177 -0.00351576966517 0.9995807232
1403715549462143000 -0.194988131523 -0.0313381701708 0.326102644205 0.0356046003235 -0.0371005539922 0.0145505026001 0.998571051154
1403715549612143000 -0.301530778408 -0.0429855845869 0.456388175488 0.0212603619046 -0.0502671333562 0.0333716046434 0.997951676345
1403715549812143000 -0.408295094967 -0.0769671648741 0.623105704784 0.0106871917383 -0.036481245559 0.062958455207 0.997291900886
1403715549962143000 -0.439717322588 -0.0990137457848 0.737169265747 0.0156871845021 -0.00927137030245 0.094245628086 0.995382195703
1403715550112143000 -0.563348889351 -0.283201634884 0.876188397408 -0.0238122547974 0.0657319721982 0.120904176953 0.990199204376
1403715550312143000 -0.480824619532 -0.333701699972 0.999647796154 -0.0344353919286 0.14374835999 0.124868104194 0.981100692762
1403715550512143000 -0.369963884354 -0.440243840218 1.12675857544 -0.0341796242858 0.229699493233 0.124221884135 0.964696231772
1403715550712143000 -0.197625279427 -0.518376946449 1.21152472496 -0.0292915770671 0.301972383344 0.1489379526 0.941154700082
1403715550962143000 0.0672809630632 -0.537383019924 1.31884503365 -0.0160225985953 0.372994457938 0.209298703025 0.903776777525
1403715551162143000 0.300924271345 -0.53337597847 1.36244606972 -0.0137281124668 0.442878857738 0.221047230319 0.86879685673
1403715551362143000 0.782419323921 -0.478012651205 1.19594991207 0.00235037080898 0.443077970852 0.265877210682 0.856145838244
1403715551562143000 1.08435380459 -0.487964302301 1.16098320484 0.0123152712763 0.510819011831 0.283709135268 0.811431696331
1403715551762143000 1.36033773422 -0.279505968094 1.03397107124 0.0517698561518 0.571945724533 0.270679383363 0.77261286658
1403715551962143000 1.65643918514 -0.250979214907 0.928763329983 0.0750180643991 0.641404043065 0.261017833395 0.717525493765
1403715552162143000 1.93056321144 -0.306659847498 0.335464775562 0.0546213889114 0.685823759146 0.26858336539 0.674184879021
1403715552312143000 2.08274006844 -0.259957104921 0.221481770277 0.0504913355385 0.729791206736 0.260363065997 0.630132123821
1403715552512143000 2.12633156776 0.021426524967 0.128890961409 0.0709080259303 0.799743544674 0.210367861445 0.557788201275
1403715552662143000 2.18484544754 0.0376680903137 0.0185318607837 0.0834919494531 0.83484773054 0.222718532121 0.496442158402
1403715552862143000 2.20085120201 0.0590223260224 -0.104681700468 0.093643272233 0.874159412498 0.254362737061 0.40295887768
1403715553012143000 2.33181285858 0.181091755629 -0.477965712547 -0.278575413534 0.75692651796 -0.536804722469 0.247585692878
1403715553262143000 0.0 0.0 0.0 0.0 0.0 0.0 1.0
1403715553512143000 2.23517417908e-08 3.72528630166e-09 6.5115982075e-17 2.21463514194e-10 -1.41970923906e-09 -9.16231996939e-08 1.0
1403715553612143000 0.152809813619 -0.00195332826115 -0.000860229949467 0.0167932991046 0.0442314995238 -0.00933247598273 0.998836555422
1403715553862143000 0.516740262508 0.0138078695163 -0.10584448278 -0.0283841716797 0.112941921766 -0.0319371747842 0.992682465833
1403715554012143000 1.10623180866 -0.202031627297 0.142954319715 -0.0394492696812 0.0939521911569 -0.184677357136 0.977502437163
1403715554162143000 0.0 0.0 0.0 0.0 0.0 0.0 1.0
1403715554362143000 0.0 0.0 0.0 0.0 0.0 0.0 1.0
1403715554462143000 2.23517417908e-08 3.72528630166e-09 6.5115982075e-17 2.21463514194e-10 -1.41970923906e-09 -9.16231996939e-08 1.0
1403715554612143000 0.15612013638 0.0535296723247 0.0718592852354 0.0584950519141 0.0245657636688 -0.110626384153 0.991834993981
1403715554762143000 0.263921320438 0.062497060746 0.130788296461 0.0943995276289 0.0396098796386 -0.180950017535 0.978149721552
1403715554912143000 0.208106949925 0.0915357768536 0.177308231592 0.126043063614 0.0433115465368 -0.190936248282 0.972512521844
1403715555112143000 -0.141317084432 0.0781951248646 0.125884965062 0.127883061338 0.0116208437441 -0.0683300641869 0.989364382289
1403715555262143000 -0.408178389072 -0.0165337380022 0.00902365334332 0.0733335104692 -0.0474827744405 0.0722169142886 0.99355538329
1403715555412143000 -0.725693047047 0.00528530916199 -0.0926800593734 0.0494601765143 -0.0820996018519 0.164669752573 0.981680813148
1403715555562143000 -0.958794474602 -0.022454559803 -0.158727422357 0.0686129696977 -0.0726353220533 0.14920839512 0.98374449183
1403715555762143000 -1.69570708275 -0.165875196457 -0.191053926945 0.0720155224298 -0.0128875884372 0.129027065962 0.988938668898
1403715555962143000 -1.85076320171 -0.276097506285 -0.281025350094 0.0553333464018 -0.0325013363477 0.144971371413 0.987352614511
1403715556162143000 -1.59857606888 -0.376739770174 -0.469978809357 0.0366951005381 -0.0862269927111 0.171373278702 0.980739300055
1403715556362143000 -1.57871294022 -0.457769185305 -0.510649681091 0.0592677014001 -0.0849233815328 0.16163154405 0.981402365397
1403715556562143000 -1.19658911228 -0.464855641127 -0.540834069252 0.0614836245631 -0.0997032957874 0.0994939493764 0.988119411183
1403715556762143000 -1.07129132748 -0.460355401039 -0.510140955448 0.0458880813665 -0.0914981815699 0.0554776417327 0.993199173392
1403715557012143000 -1.151065588 -0.43211838603 -0.398462533951 0.0502648846612 -0.0624413575668 0.0279209749044 0.996390956099
1403715557212143000 -1.04577672482 -0.426590502262 -0.326377660036 0.0111228981526 -0.0723121088731 0.0441679840942 0.996341522385
1403715557412143000 -0.879642605782 -0.442914396524 -0.185258880258 -0.00669243372736 -0.0795033275794 0.0508807375844 0.995512723564
1403715557612143000 -0.782853901386 -0.497501820326 -0.0112369023263 0.0310575745585 -0.0687309146595 0.0408321628283 0.996315323034
1403715557812143000 -0.703453779221 -0.552994668484 0.192115023732 0.0589226027901 -0.057957879278 0.034804533614 0.995970710187
1403715558012143000 -0.639295220375 -0.654765248299 0.389174968004 0.0582207929304 -0.0524176325242 0.0481916855346 0.995761162386
1403715558262143000 -0.560538768768 -0.846755206585 0.6137830019 0.0498445641041 -0.0424235248959 0.0454207817773 0.996821306227
1403715558462143000 -0.823261976242 0.996529638767 0.460722535849 -0.805111605021 -0.114312419345 0.0774184276364 0.576831310962
1403715558712143000 -0.881141364574 1.27245223522 0.482188850641 -0.778389567368 -0.098704277635 0.100208624237 0.611821361687
1403715558962143000 -0.887128353119 1.47242558002 0.412183105946 -0.771450368541 -0.132486705785 0.105029847531 0.613416932271
1403715559162143000 -0.933956384659 1.57448160648 0.407632350922 -0.760360834143 -0.174667658187 0.12409513687 0.613141915131
1403715559412143000 -1.01617050171 1.6190662384 0.42042517662 -0.744635609392 -0.233976652046 0.153875090982 0.60588381056
1403715559612143000 -1.19970524311 1.62284135818 0.443961828947 -0.75967098703 -0.266698642528 0.172572021304 0.567442264025
1403715559862143000 -1.30763041973 1.57739913464 0.375754594803 -0.754501602205 -0.301145103176 0.18930013989 0.55154729275
1403715560062143000 -1.41278445721 1.51919460297 0.316204696894 -0.737560301379 -0.344847335145 0.201013245186 0.544682285864
1403715560312143000 -1.49523341656 1.3393985033 0.307438462973 -0.720703452978 -0.368897004227 0.265510683055 0.523455452089
1403715560512143000 -1.65407538414 1.23422777653 0.338205039501 -0.70279913976 -0.398808776398 0.299958824408 0.507000623945
1403715560762143000 -1.73854923248 0.965445041656 0.287533164024 0.670891961909 0.445067350498 -0.333713810472 -0.490361215501
1403715560912143000 0.0 0.0 0.0 0.0 0.0 0.0 1.0
1403715561112143000 0.0 0.0 0.0 0.0 0.0 0.0 1.0
1403715561212143000 0.0 0.0 0.0 0.0 0.0 0.0 1.0
1403715561312143000 0.0 0.0 0.0 0.0 0.0 0.0 1.0
1403715561412143000 0.0 0.0 0.0 0.0 0.0 0.0 1.0
1403715561562143000 0.0 0.0 0.0 0.0 0.0 0.0 1.0
1403715561662143000 0.0 0.0 0.0 0.0 0.0 0.0 1.0
1403715561762143000 0.0 0.0 0.0 0.0 0.0 0.0 1.0
1403715561912143000 0.0 0.0 0.0 0.0 0.0 0.0 1.0
1403715562012143000 0.0 0.0 0.0 0.0 0.0 0.0 1.0
1403715562112143000 0.0 0.0 0.0 0.0 0.0 0.0 1.0
1403715562312143000 0.0 0.0 0.0 0.0 0.0 0.0 1.0
1403715562412143000 2.23517417908e-08 3.72528630166e-09 6.5115982075e-17 2.21463514194e-10 -1.41970923906e-09 -9.16231996939e-08 1.0
1403715562562143000 -0.0866373181343 -0.0350302755833 0.0554628297687 -0.0250105509547 -0.00534090272003 -0.0235212040744 0.999396167722
1403715562762143000 -0.252648204565 -0.0863200500607 0.106387265027 -0.0381862592989 -0.0412703302577 -0.00129649612605 0.998417191628
1403715562912143000 -0.403384953737 -0.128092378378 0.136677756906 -0.0458241188648 -0.0723087652917 0.0270714392652 0.995961208968
1403715563112143000 -0.591373741627 -0.170735508204 0.166695699096 -0.0355899077519 -0.120793351512 0.027154729101 0.991667759577
1403715563262143000 -0.729708790779 -0.189573213458 0.201712563634 -0.00611272967732 -0.169552803384 0.00966017881509 0.985454799748
1403715563462143000 -1.14630496502 -0.24729166925 0.160599857569 0.0145432865732 -0.212006822935 -0.0181805696945 0.976990822234
1403715563662143000 -1.31277883053 -0.263045310974 0.170635476708 0.0300302964195 -0.297783397688 -0.0558695109652 0.952523924688
1403715563812143000 -1.51575577259 -0.198569193482 0.125629290938 0.0506516095046 -0.341148701643 -0.0700589338469 0.936025493034
1403715564012143000 -1.57555937767 -0.182105064392 0.135667413473 0.0389370458331 -0.445486441388 -0.0653036140609 0.892054468624
1403715564162143000 -1.64310228825 0.0185810513794 -0.0967018082738 0.03804750292 -0.519034017685 -0.0661851750505 0.851337535065
1403715564362143000 -1.73632645607 0.119706496596 -0.219943806529 0.0318630823338 -0.596579256174 -0.0872522894225 0.797160569194
1403715564612143000 -1.29274785519 0.472394198179 -0.766030550003 0.0457007814478 -0.675666874607 -0.0278073793851 0.735263532882
1403715564762143000 0.0 0.0 0.0 0.0 0.0 0.0 1.0
1403715565062143000 0.0 0.0 0.0 0.0 0.0 0.0 1.0
1403715565162143000 2.23517417908e-08 3.72528630166e-09 6.5115982075e-17 2.21463514194e-10 -1.41970923906e-09 -9.16231996939e-08 1.0
1403715565312143000 -0.0838889181614 -0.0543303266168 0.00613784929737 0.0135718757044 -0.0698231885286 -0.00776993553722 0.997436792301
1403715565512143000 -0.14135839045 -0.0678564831614 0.0203372407705 0.0508673799189 -0.162317086138 -0.0217547887511 0.985186481015
1403715565662143000 -0.222864642739 -0.100316740572 0.0126936277375 0.0619712856057 -0.229242194997 -0.0389072492529 0.970615166659
1403715565812143000 -0.309550195932 -0.145665735006 -0.0267514418811 0.0589681632705 -0.301143850994 -0.0661699986913 0.949450719101
1403715565962143000 -0.367164313793 -0.176873356104 -0.0842294842005 0.0556107545041 -0.383795476268 -0.0954903603295 0.916782453728
1403715566162143000 -1.2419346571 -0.166120111942 -0.322461277246 0.0467990076424 -0.388201593019 -0.136296212205 0.910237726421
1403715566262143000 -1.5966283083 -0.784512519836 -0.417043656111 -0.0492053882204 -0.468841784927 -0.166642633848 0.866023350182
1403715566512143000 0.0 0.0 0.0 0.0 0.0 0.0 1.0
1403715566712143000 0.0 0.0 0.0 0.0 0.0 0.0 1.0
1403715566812143000 2.23517417908e-08 3.72528630166e-09 6.5115982075e-17 2.21463514194e-10 -1.41970923906e-09 -9.16231996939e-08 1.0
1403715566962143000 -0.0982418581843 0.000383174134186 -0.033980499953 0.00518828316916 -0.0896082020414 -0.0209969492072 0.995742225663
1403715567112143000 -0.161294475198 -0.00220890622586 -0.101928576827 -0.00138140887554 -0.193225754426 -0.0381755340893 0.98041038761
1403715567262143000 -0.280042827129 0.0398034714162 -0.173037737608 -0.00726825046051 -0.294330209748 -0.0615834743317 0.953689874044
1403715567462143000 -0.388754248619 0.0834890380502 -0.278702020645 -0.0165811740453 -0.425199599589 -0.115047559552 0.897604826311
1403715567612143000 -0.477048784494 0.148081451654 -0.354531645775 -0.0154747160168 -0.510901743037 -0.151913745379 0.84596817676
1403715567862143000 -1.30405211449 -0.0603772439063 -0.520408093929 -0.0779708089458 -0.544448962749 -0.166498613586 0.818397270027
1403715568012143000 0.0 0.0 0.0 0.0 0.0 0.0 1.0
1403715568362143000 0.0 0.0 0.0 0.0 0.0 0.0 1.0
1403715568512143000 0.0 0.0 0.0 0.0 0.0 0.0 1.0
1403715568612143000 0.0 0.0 0.0 0.0 0.0 0.0 1.0
1403715568712143000 0.0 0.0 0.0 0.0 0.0 0.0 1.0
1403715568862143000 0.0 0.0 0.0 0.0 0.0 0.0 1.0
1403715568962143000 0.0 0.0 0.0 0.0 0.0 0.0 1.0
1403715569062143000 0.0 0.0 0.0 0.0 0.0 0.0 1.0
1403715569212143000 0.0 0.0 0.0 0.0 0.0 0.0 1.0
1403715569312143000 0.0 0.0 0.0 0.0 0.0 0.0 1.0
1403715569412143000 0.0 0.0 0.0 0.0 0.0 0.0 1.0
1403715569512143000 0.0 0.0 0.0 0.0 0.0 0.0 1.0
1403715569662143000 0.0 0.0 0.0 0.0 0.0 0.0 1.0
1403715569762143000 0.0 0.0 0.0 0.0 0.0 0.0 1.0
1403715569862143000 0.0 0.0 0.0 0.0 0.0 0.0 1.0
1403715570012143000 0.0 0.0 0.0 0.0 0.0 0.0 1.0
1403715570112143000 0.0 0.0 0.0 0.0 0.0 0.0 1.0
1403715570212143000 0.0 0.0 0.0 0.0 0.0 0.0 1.0
1403715570312143000 0.0 0.0 0.0 0.0 0.0 0.0 1.0
1403715570412143000 0.0 0.0 0.0 0.0 0.0 0.0 1.0
1403715570562143000 0.0 0.0 0.0 0.0 0.0 0.0 1.0
1403715570612143000 0.0 0.0 0.0 0.0 0.0 0.0 1.0
1403715570712143000 0.0 0.0 0.0 0.0 0.0 0.0 1.0
1403715570812143000 0.0 0.0 0.0 0.0 0.0 0.0 1.0
1403715570912143000 0.0 0.0 0.0 0.0 0.0 0.0 1.0
1403715571062143000 0.0 0.0 0.0 0.0 0.0 0.0 1.0
1403715571162143000 0.0 0.0 0.0 0.0 0.0 0.0 1.0
1403715571262143000 0.0 0.0 0.0 0.0 0.0 0.0 1.0
1403715571412143000 0.0 0.0 0.0 0.0 0.0 0.0 1.0
1403715571512143000 0.0 0.0 0.0 0.0 0.0 0.0 1.0
1403715571662143000 2.23517417908e-08 3.72528630166e-09 6.5115982075e-17 2.21463514194e-10 -1.41970923906e-09 -9.16231996939e-08 1.0
1403715571762143000 -0.0698599666357 0.0262860190123 0.00391518138349 -0.0311503580858 -0.013019911134 0.0401388112443 0.998623559174
1403715571962143000 -0.156256645918 0.0990227907896 0.048264246434 -0.0926851053986 -0.0260785190378 0.0882791448638 0.991431376679
1403715572162143000 -0.226735681295 0.158440351486 0.113341510296 -0.12574112382 -0.00336048145819 0.0560419557993 0.990473208186
1403715572312143000 -0.169761553407 0.283324211836 0.161802023649 -0.10757876073 -0.00264108224754 0.00753327916737 0.994164515877
1403715572462143000 0.0 0.0 0.0 0.0 0.0 0.0 1.0
1403715572762143000 2.23517417908e-08 3.72528630166e-09 6.5115982075e-17 2.21463514194e-10 -1.41970923906e-09 -9.16231996939e-08 1.0
1403715572912143000 -0.0121155362576 -0.0279205683619 0.130742996931 -0.00107693880166 -0.0529308236908 -0.00083713075096 0.998597249805
1403715573062143000 -0.0464862585068 -0.087014041841 0.241459384561 0.00784591695495 -0.105970966127 -0.00301283045667 0.994333705945
1403715573212143000 -0.0921419486403 -0.161693066359 0.332305431366 0.0128360482562 -0.158610625531 -0.00741371505287 0.987229933786
1403715573412143000 -0.154942587018 -0.257250547409 0.436751812696 0.00779572686253 -0.230573996372 -0.0170811842735 0.972873625906
1403715573562143000 -0.201110035181 -0.324300169945 0.507551014423 -0.00178255918301 -0.284518953207 -0.0164639928898 0.958527372946
1403715573762143000 -0.26643666625 -0.378410130739 0.61281734705 -0.00297890251737 -0.335679856039 -0.0560031826453 0.940305165318
1403715573912143000 -0.30386903882 -0.435753792524 0.694827854633 -0.0104480876885 -0.375675818289 -0.0948398910156 0.921826400191
1403715574112143000 -0.355748742819 -0.543946862221 0.80801576376 -0.0229848830909 -0.448900853983 -0.1259829417 0.88435740334
1403715574362143000 -0.477077960968 -0.662021517754 0.970519959927 0.0253302089913 -0.534023539128 -0.16222219649 0.829373980262
1403715574612143000 -0.625368714333 -0.777740955353 1.1312379837 0.0648010000622 -0.572984218629 -0.206012561929 0.790600240274
1403715574812143000 -0.768580019474 -0.843249559402 1.19153952599 0.0572744405682 -0.597584826963 -0.217017763759 0.769750156385
1403715575012143000 -0.90421551466 -1.04461324215 1.48473286629 0.0219876137309 -0.669786886757 -0.197262095566 0.715534581151
1403715575262143000 -1.01086342335 -0.643152117729 1.34010577202 0.146941588495 -0.644126301157 -0.14527383562 0.736481493598
1403715575462143000 0.0 0.0 0.0 0.0 0.0 0.0 1.0
1403715575912143000 2.23517417908e-08 3.72528630166e-09 6.5115982075e-17 2.21463514194e-10 -1.41970923906e-09 -9.16231996939e-08 1.0
1403715576062143000 -0.140826612711 -0.0661820396781 0.0339738316834 -0.00780552416565 -0.00783272250933 0.0334455174858 0.999379367213
1403715576212143000 -0.29675424099 -0.132578372955 0.0601357780397 -0.00904575301922 -0.0148565280892 0.0548371431412 0.998343801332
1403715576362143000 -0.461837381124 -0.193813100457 0.0730411708355 0.0020776321624 -0.0165669958852 0.0587793675701 0.998131356105
1403715576512143000 -0.634911715984 -0.263424277306 0.0730168074369 0.0310499538865 -0.0158587881009 0.0595493728597 0.997616294672
1403715576662143000 -0.80091047287 -0.326988250017 0.0557070411742 0.0501050975822 -0.00828414392947 0.0571269157447 0.997074404271
1403715576862143000 -1.04405319691 -0.406169474125 -0.0127426199615 0.0224473587085 0.0120664312853 0.060629024809 0.997834975672
1403715577012143000 -1.23289775848 -0.447301864624 -0.0980436354876 -0.00354906243432 0.0249167756666 0.070350356801 0.997204786262
1403715577212143000 -1.47663187981 -0.494087636471 -0.230601713061 -0.0140353992095 0.0383335728233 0.109070048806 0.993195483889
1403715577412143000 -1.72867715359 -0.479639798403 -0.347467809916 -0.0151924643891 0.0562576256421 0.113410222499 0.991837884947
1403715577562143000 -1.92585146427 -0.462364345789 -0.424015760422 -0.0195775871163 0.0655975344911 0.110444039631 0.991521959243
1403715577812143000 -2.21796154976 -0.445075780153 -0.591375112534 -0.0217737929767 0.0661754613425 0.124978260201 0.989710636869
1403715578012143000 -2.44033813477 -0.417666941881 -0.73455876112 -0.0276048338251 0.0814753340906 0.156992781479 0.983846029441
1403715578212143000 -2.58356237411 -0.313281327486 -0.880138278008 -0.0568549073355 0.103238701661 0.211516812117 0.970242200784
1403715578412143000 -2.76501536369 -0.306134343147 -1.0268702507 -0.0775150730791 0.176850810552 0.229470848914 0.95396977612
1403715578612143000 -2.67476654053 -0.394387364388 -1.20648300648 -0.147954408452 0.233152083059 0.215227863193 0.936710502818
1403715578812143000 -2.46949195862 0.503779351711 -1.71140193939 -0.0989190988211 0.221473957057 0.11548696197 0.96323780026
1403715579012143000 0.0 0.0 0.0 0.0 0.0 0.0 1.0
1403715579312143000 2.23517417908e-08 3.72528630166e-09 6.5115982075e-17 2.21463514194e-10 -1.41970923906e-09 -9.16231996939e-08 1.0
1403715579462143000 -0.0721928700805 -0.0423430539668 0.089742437005 0.00283142468814 0.00041272457774 0.0057330329167 0.999979472302
1403715579612143000 -0.194570183754 -0.09830917418 0.170328900218 -0.0101972927143 -0.00996710237692 0.0318034877988 0.999392420551
1403715579762143000 -0.342626452446 -0.168561846018 0.253101438284 0.000504729224481 -0.0196224824724 0.0478139485191 0.998663371591
1403715579912143000 -0.506980657578 -0.25342091918 0.329967528582 0.011170253782 -0.0204293796767 0.0454435298771 0.998695524907
1403715580012143000 -0.627048969269 -0.319780498743 0.377442538738 0.0146929126515 -0.0166503803876 0.0596873157757 0.997970093483
1403715580212143000 -0.948514342308 -0.446501910686 0.526727378368 0.0160967114775 0.0259495848341 0.0967567358702 0.994839509162
1403715580412143000 -1.22308313847 -0.541741907597 0.622726678848 0.0113023447061 0.0738403065489 0.141915934873 0.987056094435
1403715580612143000 -1.49536573887 -0.597224831581 0.715092420578 0.00737193545667 0.111151552618 0.193325353784 0.974790384905
1403715580762143000 -1.67573308945 -0.656068563461 0.765796780586 -0.00478258999003 0.120256488648 0.231819267497 0.965285103474
1403715580962143000 -1.97905540466 -0.766165554523 0.701446354389 -0.0221300238484 0.127821252676 0.288724245732 0.948583311752
1403715581162143000 -2.07111287117 -0.807222425938 0.746720671654 -0.0491501569114 0.132413355318 0.282813425181 0.948718889844
1403715581412143000 -2.08007931709 -0.876795589924 0.867112278938 -0.0374858824253 0.143179564848 0.245951472305 0.957915598631
1403715581562143000 -2.02827620506 -0.888124704361 0.913935005665 -0.0294102135961 0.128341557184 0.19756494707 0.971407008275
1403715581762143000 -1.95149898529 -0.864031851292 0.991238832474 -0.0206331366873 0.087779342421 0.123027591906 0.988298169757
1403715581962143000 -1.85896408558 -0.816356837749 1.05573391914 -0.00574079852202 0.0209868866142 0.0806406658761 0.996505733466
1403715582262143000 -1.84897458553 -0.888728439808 1.1972836256 0.0552627829238 -0.0549134363676 0.0746538432359 0.994161628217
1403715582462143000 -2.77870535851 -1.49676764011 1.1739487648 -0.00643689172141 0.0556984383332 0.0829352272379 0.994976380863
1403715582662143000 0.0 0.0 0.0 0.0 0.0 0.0 1.0
1403715582862143000 2.23517417908e-08 3.72528630166e-09 6.5115982075e-17 2.21463514194e-10 -1.41970923906e-09 -9.16231996939e-08 1.0
1403715583012143000 -0.0289178304374 -0.0138761494309 0.0702300444245 -0.0218960902411 0.00891310903121 0.00418825445313 0.999711746577
1403715583162143000 -0.0694757252932 -0.0213332846761 0.172245055437 -0.0131249748979 0.0165562300143 0.010203388872 0.999724720679
1403715583312143000 -0.108171880245 -0.0572563484311 0.293420255184 0.0361633529691 0.0172985403584 0.0241734817503 0.998903706662
1403715583412143000 -0.140614137053 -0.0800163820386 0.374223232269 0.0703660123094 0.0154001857399 0.0350750211614 0.996785434023
1403715583562143000 -0.182687446475 -0.0916562601924 0.483489602804 0.115025164111 0.0117305751469 0.042810675283 0.992370319644
1403715583762143000 -0.283171027899 -0.0619252324104 0.565332889557 0.206514601639 0.0222246242157 0.0373329454216 0.977478407217
1403715583862143000 -0.299201726913 -0.0571729615331 0.558333575726 0.231081647651 0.0194441916593 0.0347383652587 0.972119561324
1403715584062143000 -0.311906427145 0.0374460816383 0.42156240344 0.224527286007 -0.000439246711935 0.0543187078002 0.972952610811
1403715584212143000 -0.314651727676 0.077927403152 0.188364729285 0.158019069362 -0.0131920327564 0.0729545073001 0.984648964786
1403715584412143000 -0.292972326279 0.156367182732 -0.186381116509 0.0535282191356 -0.0202287303915 0.0784353609078 0.995275550982
1403715584612143000 -0.229302540421 0.289377242327 -0.531812250614 0.0114691369362 -0.0179089028585 0.0671650991583 0.997515202667
1403715584812143000 -0.10887786746 0.304730921984 -0.866917669773 -0.0234685825833 -0.00614905187438 0.0287256099467 0.999292877051
1403715584962143000 -0.0303731039166 0.371602326632 -1.06532585621 -0.0375937960637 0.00469325007377 0.00687419236243 0.999258437733
1403715585212143000 0.130512028933 0.515450358391 -1.29537081718 -0.0719044891934 0.00318181753259 0.00312439753672 0.997401553343
1403715585412143000 -0.10796880722 0.646250784397 -1.17050647736 -0.0219086440317 0.0244861536974 0.0122179981951 0.999385391185
1403715585562143000 0.203175723553 0.502415895462 -1.44813549519 -0.0156465114737 0.00193467826716 -0.0071512860194 0.999850140175
1403715585812143000 0.186906754971 0.481920152903 -1.46865808964 -0.000734409495634 -0.000197428352362 -0.00678395529843 0.999976699536
1403715586062143000 0.0915376096964 0.541767001152 -1.3963559866 0.00373375606847 -0.0143183462292 0.0536652847544 0.998449338344
1403715586262143000 0.272948414087 -1.40412294865 0.0527549982071 -0.805677211196 -0.0374658916193 0.0450027683421 0.589453381673
1403715586512143000 0.293441951275 -1.35060167313 0.0524946711957 -0.780854574004 -0.0686146959617 0.000875118303725 0.620932679059
1403715586762143000 0.297509551048 -1.36101925373 0.0466307252645 -0.784706062737 -0.0619568847631 0.00328844109865 0.616755158624
1403715586912143000 0.281618148088 -1.38882303238 0.0486392267048 -0.807435392961 -0.0495535844191 0.0158606576527 0.587657185784
1403715587112143000 0.262526154518 -1.42809927464 0.0566722601652 -0.816428430981 -0.0428080035458 0.0175548359398 0.575590062157
1403715587312143000 0.23787547648 -1.46593034267 0.084868170321 -0.800961519933 -0.0522837467573 0.0090836049845 0.596359406341
1403715587512143000 0.214041054249 -1.5118432045 0.116891957819 -0.798828570063 -0.0412704766266 0.0341017954125 0.599171704071
1403715587712143000 0.211960762739 -1.56828820705 0.151234254241 -0.807562353512 -0.00307799342227 0.0466486185303 0.587926421872
1403715587962143000 0.275171011686 -1.63278710842 0.195464655757 -0.806478466392 0.0612490428152 -0.00319097620632 0.588073852226
1403715588112143000 0.344729334116 -1.67706179619 0.219490617514 -0.79079988147 0.0999523059858 -0.0557996494693 0.601274881493
1403715588312143000 0.44970485568 -1.75694406033 0.197747603059 -0.766963660659 0.159674915171 -0.114608323599 0.610848260091
1403715588562143000 0.583593964577 -1.92956626415 0.124712638557 -0.746060363585 0.233146724643 -0.169821782122 0.600164228352
1403715588762143000 0.670881927013 -2.09215760231 0.0563721954823 -0.745108703365 0.289695947108 -0.201373227704 0.565984188438
1403715589012143000 0.800570249557 -2.36208629608 -0.0123653756455 0.761204304331 -0.355449886073 0.239406705538 -0.486731768946
1403715589212143000 0.916971862316 -2.50964570045 -0.0531049072742 0.754259074901 -0.400381755346 0.261285382446 -0.450019607168
1403715589412143000 1.07897818089 -2.59821820259 -0.0409436449409 0.742957505531 -0.439798249787 0.276632060535 -0.421979084248
1403715589612143000 1.28596568108 -2.69527339935 -0.0538670830429 0.731689702438 -0.473344541683 0.287964139696 -0.39705387349
1403715589812143000 1.57103931904 -2.67910504341 0.0456904023886 0.710440496863 -0.469455765641 0.315475484962 -0.418761033182
1403715590112143000 2.07158136368 -2.63790249825 0.240345582366 0.671736880411 -0.443974603815 0.348805628053 -0.479573506881
1403715590312143000 2.3818769455 -2.60623955727 0.341527014971 0.687162594542 -0.429991903711 0.346464582374 -0.472098320867
1403715590512143000 2.6697781086 -2.55469894409 0.43310418725 0.717913489209 -0.382496614952 0.343924751617 -0.469054716198
1403715590712143000 2.92933273315 -2.46155643463 0.51789188385 0.751767540732 -0.33411280745 0.305135831928 -0.479693986488
1403715590962143000 0.0 0.0 0.0 0.0 0.0 0.0 1.0
1403715591212143000 2.23517417908e-08 3.72528630166e-09 6.5115982075e-17 2.21463514194e-10 -1.41970923906e-09 -9.16231996939e-08 1.0
1403715591312143000 0.0244558807462 -0.0757300257683 0.127481281757 0.0017333838503 -0.0409955118738 -0.0326416601961 0.998624496698
1403715591512143000 0.042681094259 -0.238930076361 0.386918932199 0.00664688134533 -0.126726880663 -0.0768355056606 0.988934993696
1403715591662143000 0.022800123319 -0.334793955088 0.587173879147 0.00906360975248 -0.192820605994 -0.094316823988 0.976648555825
1403715591812143000 -0.0250116940588 -0.407739847898 0.793571293354 0.0218222472768 -0.246968771716 -0.11742542481 0.961634798106
1403715592012143000 -0.128007531166 -0.472421735525 1.06455516815 0.0356902072603 -0.307007106102 -0.157081977527 0.937975531794
1403715592162143000 -0.188339695334 -0.555470764637 1.29564547539 0.0443888158016 -0.362256884909 -0.187697604472 0.911904157049
1403715592362143000 -0.379944294691 -0.584528386593 1.49635243416 0.0789281297315 -0.431476752124 -0.215321143539 0.872487803845
1403715592562143000 -0.542358756065 -0.653897583485 1.67158591747 0.101955039787 -0.508658818857 -0.253566320975 0.816440749061
1403715592712143000 -0.736305177212 -0.67622834444 1.69291758537 0.11811780181 -0.553399646973 -0.277296197722 0.776468823814
1403715592912143000 -0.99443000555 -0.745200276375 1.68444979191 0.0815200276635 -0.637965196471 -0.284050640835 0.71110486331
1403715593112143000 -1.25974333286 -0.723018944263 1.56416273117 0.0398858048287 -0.714196092646 -0.263371328877 0.647277843703
1403715593312143000 -1.70414018631 -0.582686305046 1.40389358997 0.0639157347546 -0.743065033392 -0.268651237699 0.60958645612
1403715593462143000 -1.9025952816 -0.561884284019 1.32439601421 0.0902698103798 -0.768398744994 -0.298705256775 0.558739563304
1403715593712143000 -2.07246899605 -0.556708335876 1.09673547745 -0.105817756425 0.818751088047 0.305949356889 -0.474177444915
1403715593862143000 -2.21454048157 -0.508008718491 0.974335312843 -0.116712897776 0.847679315251 0.303399085374 -0.419245599837
1403715594062143000 -2.52942705154 -0.41518843174 1.04222166538 -0.120400555721 0.893052520514 0.312693537033 -0.300305933482
1403715594312143000 -2.62281346321 -0.322604268789 0.80189961195 -0.107900221147 0.914248198593 0.333816487754 -0.202668019555
1403715594562143000 -2.65203404427 -0.230171427131 0.554603338242 -0.127593858586 0.925785709873 0.341203328087 -0.101098543752
1403715594762143000 -2.74309682846 0.307568192482 -0.521804511547 -0.0645727994917 0.814375705398 -0.576621435469 -0.0114142095724
1403715594962143000 -2.78928804398 0.374746620655 -0.625182747841 -0.124503928867 0.819659921839 -0.555508059178 0.0637744495508
1403715595162143000 0.0 0.0 0.0 0.0 0.0 0.0 1.0
1403715595362143000 0.0 0.0 0.0 0.0 0.0 0.0 1.0
1403715595462143000 0.0 0.0 0.0 0.0 0.0 0.0 1.0
1403715595612143000 0.0 0.0 0.0 0.0 0.0 0.0 1.0
1403715595712143000 0.0 0.0 0.0 0.0 0.0 0.0 1.0
1403715595812143000 0.0 0.0 0.0 0.0 0.0 0.0 1.0
1403715595962143000 2.23517417908e-08 3.72528630166e-09 6.5115982075e-17 2.21463514194e-10 -1.41970923906e-09 -9.16231996939e-08 1.0
1403715596062143000 0.0309505052865 -0.0173304527998 0.0841472074389 0.0450134197041 -0.0263761520714 0.00235600370674 0.998635338797
1403715596262143000 0.0423533171415 -0.07797293365 0.143481716514 0.0512441663873 -0.0660956212178 0.0164492542112 0.996360791231
1403715596412143000 0.273097872734 -0.524156391621 0.23709435761 0.00283788428246 -0.135699974548 0.0528564908096 0.989334955766
1403715596562143000 0.0 0.0 0.0 0.0 0.0 0.0 1.0
1403715596762143000 0.0 0.0 0.0 0.0 0.0 0.0 1.0
1403715596862143000 2.23517417908e-08 3.72528630166e-09 6.5115982075e-17 2.21463514194e-10 -1.41970923906e-09 -9.16231996939e-08 1.0
1403715597012143000 -0.107235357165 -0.0842758640647 0.0495512187481 -0.0221276763683 -0.0238522268386 -0.00670271494813 0.999448103118
1403715597212143000 -0.20121383667 -0.00934883672744 0.300236582756 -0.021239496847 -0.0469482058554 -0.02675142708 0.998313132684
1403715597362143000 0.0 0.0 0.0 0.0 0.0 0.0 1.0
1403715597562143000 0.0 0.0 0.0 0.0 0.0 0.0 1.0
1403715597662143000 2.23517417908e-08 3.72528630166e-09 6.5115982075e-17 2.21463514194e-10 -1.41970923906e-09 -9.16231996939e-08 1.0
1403715597812143000 -0.0180961284786 -0.0915365219116 0.223344922066 -0.00465799175601 -0.0350622725522 -0.017370304316 0.999223304714
1403715598012143000 -0.0285251252353 -0.209846273065 0.506361246109 0.0115695017941 -0.0612023023742 -0.0303567293035 0.997596558634
1403715598162143000 -0.0309844519943 -0.289203673601 0.706178128719 0.0217709708421 -0.0654817296438 -0.0415374337601 0.996751127167
1403715598312143000 -0.0247105099261 -0.344323456287 0.890848517418 0.0481675155131 -0.067927576555 -0.0408573150355 0.995688914572
1403715598462143000 -0.0201011616737 -0.370182693005 1.04943752289 0.0907033583925 -0.0693922546455 -0.0294055875243 0.99302211818
1403715598712143000 0.0164699666202 -0.387528330088 1.19420731068 0.0905653982643 -0.064782254347 -0.0249149128599 0.993468879873
1403715598862143000 0.0543215833604 -0.311216205359 1.08718371391 0.0604010258158 -0.047267164766 -0.0441513059011 0.99607639938
1403715599062143000 0.0 0.0 0.0 0.0 0.0 0.0 1.0
1403715599262143000 0.0 0.0 0.0 0.0 0.0 0.0 1.0
1403715599412143000 0.0 0.0 0.0 0.0 0.0 0.0 1.0
1403715599512143000 0.0 0.0 0.0 0.0 0.0 0.0 1.0
1403715599612143000 0.0 0.0 0.0 0.0 0.0 0.0 1.0
1403715599712143000 0.0 0.0 0.0 0.0 0.0 0.0 1.0
1403715599862143000 0.0 0.0 0.0 0.0 0.0 0.0 1.0
1403715599962143000 0.0 0.0 0.0 0.0 0.0 0.0 1.0
1403715600062143000 0.0 0.0 0.0 0.0 0.0 0.0 1.0
1403715600162143000 0.0 0.0 0.0 0.0 0.0 0.0 1.0
1403715600312143000 0.0 0.0 0.0 0.0 0.0 0.0 1.0
1403715600412143000 0.0 0.0 0.0 0.0 0.0 0.0 1.0
1403715600512143000 0.0 0.0 0.0 0.0 0.0 0.0 1.0
1403715600662143000 2.23517417908e-08 3.72528630166e-09 6.5115982075e-17 2.21463514194e-10 -1.41970923906e-09 -9.16231996939e-08 1.0
1403715600812143000 -0.0643346458673 0.0466148592532 -0.0406646095216 0.00341796373372 -0.0618321132464 -0.0148525298523 0.997970194772
1403715601012143000 -0.162861093879 0.0512180104852 -0.0829227417707 0.0175869332531 -0.127185104861 -0.0449813934622 0.990702439243
1403715601162143000 -0.24382430315 0.0224923770875 -0.109217531979 0.0298597465217 -0.154474261768 -0.0600308826156 0.985719225298
1403715601362143000 -0.362042486668 -0.0517543703318 -0.147324979305 0.0415704819714 -0.164628509899 -0.0800830816752 0.982219959473
1403715601512143000 -0.466475337744 -0.110905319452 -0.174966320395 0.0435669719339 -0.171060815126 -0.0784785820533 0.981163201839
1403715601762143000 -0.865189731121 -0.158719435334 -0.188184723258 0.0530186079985 -0.141424076901 -0.0704307417759 0.98601610955
1403715601912143000 -0.994409739971 -0.213785529137 -0.199404403567 0.0649446101902 -0.138141543079 -0.0639735015124 0.986208143744
1403715602162143000 -1.03620398045 -0.311189264059 -0.280985057354 0.113678608095 -0.132089514895 -0.0264483922458 0.98434242856
1403715602312143000 -1.1599111557 -0.344444066286 -0.334182143211 0.106005155483 -0.1009376952 -0.00607035360987 0.989210614331
1403715602562143000 -1.51585638523 -0.148261785507 -0.545113623142 0.0800936977929 -0.0128549460192 0.0172532855064 0.996555103382
1403715602762143000 -1.67103266716 -0.118767432868 -0.627313554287 0.0704177033681 0.0470189459984 0.0263106585196 0.996061401229
1403715602962143000 -1.82880580425 -0.0403902307153 -0.680039942265 0.0582667657403 0.0980466668154 0.0474508883897 0.992340792434
1403715603162143000 -1.97670888901 0.0637197270989 -0.750099658966 0.0579575382545 0.141200752972 0.0712002376392 0.985714866115
1403715603412143000 -2.07681679726 0.0552190579474 -0.67641299963 0.0239714156844 0.169568282716 0.0865926431101 0.981414124051
1403715603662143000 -2.29977989197 0.136993154883 -0.688875257969 0.0310402276362 0.17875047371 0.12822509058 0.97500928127
1403715603912143000 -2.48504900932 0.18439693749 -0.713541567326 0.0336579380063 0.172437860355 0.163261367728 0.970813088773
1403715604162143000 -2.53698611259 0.172346487641 -0.783736467361 -0.00229610203835 0.174026149407 0.137720870268 0.975060300254
1403715604362143000 -2.37456893921 -1.20638632774 -0.125717625022 -0.814082999891 0.113752620312 -0.0791676601739 0.563969584501
1403715604612143000 -2.35399651527 -1.21818590164 -0.195012882352 -0.804111751153 0.109691638462 -0.0827840463733 0.578376034924
1403715604812143000 0.0 0.0 0.0 0.0 0.0 0.0 1.0
1403715605062143000 0.0 0.0 0.0 0.0 0.0 0.0 1.0
1403715605162143000 0.0 0.0 0.0 0.0 0.0 0.0 1.0
1403715605312143000 0.0 0.0 0.0 0.0 0.0 0.0 1.0
1403715605412143000 2.23517417908e-08 3.72528630166e-09 6.5115982075e-17 2.21463514194e-10 -1.41970923906e-09 -9.16231996939e-08 1.0
1403715605562143000 -0.037043325603 0.00387995247729 0.034222856164 -0.00493736139806 -0.00572957743202 0.0065447426509 0.999949979123
1403715605712143000 -0.0661264657974 0.0237458068877 0.0781382918358 -0.00603805726466 -0.0070423922882 0.00296608596978 0.99995257333
1403715605862143000 -0.0890374258161 0.0388277843595 0.122342765331 -0.00190248637952 -0.0037585004623 -0.00919062247095 0.999948892033
1403715606012143000 -0.111705981195 0.0498846285045 0.166146710515 0.00241871970805 -0.00367926551666 -0.0143657206239 0.999887113064
1403715606162143000 -0.139616012573 0.0747860223055 0.211713567376 0.00478721210036 -0.00517546929471 -0.0164113710582 0.999840469284
1403715606312143000 -0.168912395835 0.0987417921424 0.256899416447 0.00372516832477 -0.0107312762099 -0.00945126738451 0.999890812227
1403715606462143000 -0.197925433517 0.104390569031 0.295030146837 0.00396117046175 -0.0159675177037 -0.00296699993562 0.999860262446
1403715606662143000 -0.230222687125 0.093131005764 0.335736781359 0.00703612071198 -0.0249396826224 0.00482000136721 0.99965257606
1403715606812143000 -0.245374470949 0.0938326269388 0.366904616356 0.0115700841633 -0.0324631824781 0.0144978019804 0.999300799896
1403715607012143000 -0.247377440333 0.109853647649 0.406908094883 0.0246308759003 -0.0288172862964 -0.00485051462832 0.999269411355
1403715607162143000 -0.244309693575 0.129821822047 0.425080537796 0.0172607618512 -0.0252768414781 -0.0191883183122 0.999347264881
1403715607312143000 -0.243630215526 0.147458329797 0.432051748037 0.011727660881 -0.0250450726313 -0.0231249518429 0.999350010211
1403715607462143000 -0.248870223761 0.160487800837 0.434129744768 0.0141154836453 -0.0243876690692 -0.0237867350344 0.999319861684
1403715607662143000 -0.2618227005 0.172644495964 0.429033696651 0.0108087846485 -0.0216416197714 -0.0235722440419 0.999429417107
1403715607812143000 -0.278340011835 0.186324611306 0.417090445757 0.0103464796319 -0.0193536540821 -0.0225007550869 0.999505929174
1403715608012143000 -0.287115126848 0.197504550219 0.4122620821 0.00747100564134 -0.0214142302455 -0.0304602784245 0.999278632943
1403715608112143000 -0.286400526762 0.198057517409 0.414461672306 0.00432727195424 -0.0222576534267 -0.029557285074 0.999305878338
1403715608312143000 -0.288056522608 0.203113242984 0.41762265563 0.00588182119151 -0.0217993070218 -0.0290020923866 0.999324308235
1403715608412143000 -0.287148296833 0.203014805913 0.415940970182 0.00610695462602 -0.021947913204 -0.0287903756535 0.999325826986
1403715608562143000 -0.301484912634 0.306680381298 -0.308401197195 -0.811086737313 -0.0600496943625 0.00776785939104 0.581783464119
1403715608712143000 0.141535654664 0.541238605976 -2.24674320221 -0.805705953416 -0.0976944258697 0.0438917804276 0.58255233876
1403715608862143000 0.0 0.0 0.0 0.0 0.0 0.0 1.0
1403715609012143000 0.0 0.0 0.0 0.0 0.0 0.0 1.0
1403715609212143000 0.0 0.0 0.0 0.0 0.0 0.0 1.0
1403715609312143000 0.0 0.0 0.0 0.0 0.0 0.0 1.0
